350.32        10.56573
350.69       -18.74609
351.06        28.33935
351.43        3.051486
351.80        24.16444
352.17       -1.065674
352.54       -47.66418
352.91        41.36469
353.28        16.07733
353.65        3.736275
354.02       -28.45081
354.39       -25.44202
354.76       -41.53052
355.13        41.46904
355.50       -21.49536
355.87        6.431468
356.24        8.954668
356.60         23.9454
356.97        24.68347
357.34       -40.86902
357.71       -15.86975
358.08        6.645322
358.45        21.77393
358.82       -21.03345
359.19       -7.453491
359.56        28.40716
359.93       -31.68494
360.30       -63.12537
360.67       -28.56531
361.04       -17.81604
361.41       -77.87866
361.78        34.77559
362.15        13.98476
362.52       -26.37793
362.89       -38.38196
363.26        14.71444
363.63       -25.22607
364.00        35.66523
364.37       -13.14392
364.74        56.16576
365.11       -2.398682
365.48        23.81319
365.85        17.52157
366.22       -20.93713
366.59       -9.567627
366.96        12.73575
367.33        45.01587
367.70       -39.51721
368.07        34.54566
368.45        8.813656
368.82       -13.49792
369.19        10.77465
369.56        29.04617
369.93        63.17835
370.30       -9.525391
370.67       -3.106812
371.04       0.3756394
371.41        29.71113
371.78        4.404456
372.15        41.15577
372.52         14.8426
372.89        9.268984
373.26        34.35811
373.63        23.09237
374.00       -2.890137
374.37       -17.90088
374.74        42.17501
375.11       -17.73608
375.48        32.63438
375.85       -37.30164
376.22         35.3732
376.59        4.940825
376.96        7.695102
377.33       -7.698242
377.70        70.92028
378.07        30.26959
378.44        28.77862
378.81        33.44099
379.18        25.39369
379.55        24.08068
379.92        21.70581
380.30        8.248514
380.67        65.11929
381.04        12.15613
381.41        56.81585
381.78        40.96928
382.15       0.8053882
382.52        9.847195
382.89        43.83049
383.26        21.52859
383.63       -30.15491
384.00        72.05115
384.37        51.91365
384.74        40.64447
385.11        44.40949
385.48        40.14526
385.85        16.59958
386.22        23.99337
386.59      -0.1568604
386.96       -21.52539
387.33       -21.81311
387.70        4.625219
388.07        73.06839
388.44        5.954916
388.82        52.24808
389.19        22.08131
389.56        -7.15686
389.93        18.15705
390.30        29.56658
390.67       -5.074585
391.04        11.18911
391.41        46.50138
391.78       -1.686768
392.15       -1.867188
392.52        23.23131
392.89        61.59298
393.26      -0.4990234
393.63        58.75338
394.00        2.591979
394.37        22.68506
394.74        30.30646
395.11        48.50434
395.48        38.26549
395.85        50.26165
396.22        21.21782
396.59        -20.6239
396.96        30.50071
397.33        6.934413
397.70       -32.45422
398.08        16.74542
398.45        5.185074
398.82        38.58102
399.19        5.314649
399.56        25.85123
399.93        49.12292
400.30        5.752488
400.67        3.096542
401.04        102.5995
401.41         36.0381
401.78          46.452
402.15         65.4502
402.52        6.194331
402.89        37.49937
403.26        40.78645
403.63        43.15631
404.00        31.56118
404.37        12.99865
404.74        39.56532
405.11       -4.119751
405.48       0.5486383
405.85        22.48166
406.22        49.64179
406.59        1.594181
406.96        16.86652
407.33        17.87291
407.70        27.75913
408.07        29.36252
408.44        20.75695
408.81        29.44423
409.18        17.72308
409.55        46.47496
409.92        39.27814
410.29        34.25021
410.66        63.98091
411.03        63.62439
411.40        32.95893
411.77        33.46838
412.14        11.15936
412.51        22.87607
412.88        61.41898
413.25        124.5991
413.62        92.77931
413.99        69.60339
414.36        73.06839
414.73        2.022642
415.10        56.97443
415.47        113.0662
415.84        67.78077
416.21        84.25946
416.58        191.3261
416.95        118.4101
417.32        162.8832
417.69        126.1798
418.06           144.2
418.43        166.7753
418.80         189.611
419.17        178.2579
419.54         189.807
419.91        224.7242
420.28        213.4165
420.65        184.0482
421.02        265.0777
421.39        341.4972
421.76        202.8393
422.13        310.3722
422.50        250.4811
422.87        351.2538
423.24        348.1037
423.61        337.6219
423.98        421.3776
424.35        451.6812
424.72        524.6819
425.09        484.1761
425.46        609.6106
425.83         571.316
426.20        557.9212
426.57        595.7928
426.94        745.7067
427.31        656.8137
427.68        783.7581
428.05        842.2084
428.42          827.53
428.79        1018.922
429.15        1048.193
429.52        1044.366
429.89        1040.332
430.26        1224.167
430.63        1332.221
431.00        1226.942
431.37        1463.056
431.74        1612.159
432.11        1574.912
432.48        1678.273
432.85        1784.775
433.22        1734.628
433.59        1981.411
433.96        2192.084
434.33        2295.535
434.69        2405.857
435.06        2507.241
435.43        2641.482
435.80         2977.11
436.17        2976.789
436.54        3193.629
436.91        3352.968
437.28        3596.525
437.65        3763.623
438.02        3864.375
438.39        4001.433
438.76        4307.873
439.12        4512.636
439.49        4815.647
439.86        5275.515
440.23        5529.491
440.60        5831.346
440.97        6174.542
441.34         6716.86
441.71        7397.785
442.08        7619.958
442.44        8079.639
442.81         8889.73
443.18        9404.334
443.55        10061.84
443.92        10738.64
444.29        11433.25
444.66        11857.32
445.03        13025.61
445.39        13952.61
445.76        14875.39
446.13        15243.14
446.50        16776.88
446.87        17837.15
447.24        19030.04
447.61        20126.22
447.98         21701.6
448.34        22712.66
448.71        23875.74
449.08        24956.25
449.45        26322.57
449.82        27303.51
450.19        28779.27
450.55        30037.83
450.92        31617.99
451.29        32043.44
451.66        33006.59
452.03         34050.1
452.40        35639.96
452.76        36142.38
453.13        36364.12
453.50        36490.14
453.87        36804.92
454.24        37427.43
454.61        36533.17
454.97        36910.59
455.34        36067.41
455.71        36064.53
456.08        35698.22
456.45        34889.02
456.81        34037.35
457.18        32705.77
457.55        32107.08
457.92        30743.43
458.29        29510.35
458.65        29034.47
459.02        27485.75
459.39        26354.18
459.76        26145.33
460.13        24422.12
460.49        23967.93
460.86        23142.03
461.23        22114.58
461.60        21391.63
461.97        20192.58
462.33        20002.12
462.70        19567.74
463.07        18887.65
463.44        18496.84
463.80        18194.93
464.17        17780.78
464.54        17693.97
464.91        17416.83
465.27         17343.1
465.64         17008.1
466.01        16209.16
466.38        16391.87
466.74        16456.69
467.11        16139.46
467.48        16107.06
467.85        16041.86
468.21        15843.94
468.58        15153.46
468.95        15084.94
469.32        15060.01
469.68        14848.68
470.05        14136.31
470.42         14214.1
470.78        13641.54
471.15        13281.74
471.52        13025.03
471.89        12580.31
472.25         12304.2
472.62        12002.88
472.99        11584.02
473.35        11016.94
473.72        10822.83
474.09        10498.02
474.45        9977.495
474.82        9939.169
475.19        9113.017
475.55        9324.652
475.92        8843.876
476.29        8307.014
476.66        8060.833
477.02        7920.223
477.39        7542.474
477.76        7244.272
478.12        7052.686
478.49        6818.455
478.86        6914.332
479.22        6534.548
479.59        6493.387
479.96        6197.988
480.32        6301.294
480.69         6230.63
481.05        6091.745
481.42        6094.651
481.79          5927.3
482.15        5885.442
482.52         5854.72
482.89        5688.248
483.25        5580.838
483.62        5487.917
483.99        5813.779
484.35        5694.538
484.72        5608.812
485.08        5548.549
485.45        5407.737
485.82        5521.359
486.18        5406.749
486.55        5349.952
486.91          5259.2
487.28        5461.399
487.65        5247.447
488.01        5422.924
488.38        5216.195
488.74        5262.122
489.11        5127.188
489.48        5296.883
489.84         5300.98
490.21        5120.802
490.57        5094.866
490.94        5245.956
491.30        5109.665
491.67         4881.02
492.04        5099.003
492.40        5372.689
492.77        5138.822
493.13        5189.257
493.50        5212.726
493.86        5149.875
494.23        5554.187
494.60        5316.037
494.96        5515.259
495.33        5675.229
495.69        5554.211
496.06        5732.084
496.42        5722.918
496.79        5756.794
497.15        5879.188
497.52        5820.667
497.88        5773.406
498.25        6126.657
498.61        6235.085
498.98        6209.014
499.34        6620.377
499.71        6694.439
500.07        6781.101
500.44        7204.569
500.80        6905.261
501.17         6983.17
501.53        7483.759
501.90        7486.751
502.26        7622.295
502.63        7795.033
502.99        7793.763
503.36        8133.427
503.72        8391.178
504.09        8620.128
504.45        8484.211
504.82        8979.033
505.18        9049.441
505.55        9334.273
505.91        9030.265
506.28        9517.405
506.64        9160.831
507.00        9592.363
507.37        9669.774
507.73         10050.6
508.10        10404.26
508.46        10238.46
508.83        10485.71
509.19        10542.13
509.55        10679.96
509.92        11381.51
510.28        11370.32
510.65        11435.71
511.01        11569.62
511.38        12062.85
511.74        11999.22
512.10         12320.3
512.47        12520.59
512.83        12638.33
513.20        12832.59
513.56        13014.81
513.92        13053.01
514.29        13001.16
514.65        13886.56
515.02        13770.58
515.38        14044.06
515.74           14130
516.11        14310.49
516.47        14406.98
516.83        14540.95
517.20        15035.71
517.56        15204.54
517.93        15254.98
518.29         15536.7
518.65        15780.85
519.02         16283.7
519.38        16282.86
519.74        16093.46
520.11        16544.31
520.47         16598.1
520.83        16981.05
521.20        17057.46
521.56        17727.18
521.92        17744.89
522.29        17786.38
522.65        18109.52
523.01        17817.49
523.38        18380.24
523.74        18319.89
524.10        18508.91
524.47        18795.66
524.83        18441.88
525.19        19055.17
525.55        19185.63
525.92        18781.04
526.28        19657.46
526.64        19364.13
527.01        19144.64
527.37        20484.05
527.73        20367.89
528.09        20522.85
528.46        20198.56
528.82        20501.95
529.18        20289.93
529.55        20581.56
529.91        21041.51
530.27        21569.05
530.63        21462.26
531.00        21444.38
531.36        21486.54
531.72        21493.54
532.08        21393.63
532.45        21928.52
532.81         21848.3
533.17         21917.6
533.53        22400.35
533.89        22459.87
534.26        22376.96
534.62         22134.5
534.98        22901.71
535.34        22722.63
535.71        22498.98
536.07        23190.04
536.43         23280.8
536.79        23451.33
537.15        23761.09
537.52        23787.85
537.88        23578.65
538.24         23311.9
538.60        23619.86
538.96         23932.4
539.33        24153.86
539.69        24353.54
540.05           24550
540.41        24247.71
540.77           23825
541.13        24406.39
541.50        24917.45
541.86        24724.58
542.22           25079
542.58        24788.02
542.94        24699.44
543.30        25234.03
543.66         25310.3
544.03        25414.73
544.39        25349.43
544.75        25399.71
545.11         25358.9
545.47        25249.29
545.83        25698.54
546.19        25742.93
546.55        25498.34
546.92        25728.88
547.28        25523.34
547.64        25401.86
548.00        25976.52
548.36        26123.02
548.72        25871.61
549.08        26080.34
549.44         26015.5
549.80        26310.65
550.16        25790.13
550.53        26195.13
550.89        26481.56
551.25        26710.69
551.61        26626.52
551.97        25866.88
552.33        26198.04
552.69         26927.8
553.05        26834.57
553.41        26620.29
553.77        26727.09
554.13        26770.36
554.49        26477.86
554.85        26305.68
555.21        26207.17
555.57        26893.66
555.93        26535.22
556.29        26549.04
556.65        26499.34
557.01        26663.71
557.37        26449.14
557.73        26353.65
558.09        26656.98
558.46        26334.72
558.82        26327.01
559.18        26653.81
559.54        26809.06
559.90        26302.68
560.26        25945.52
560.61        26392.78
560.97        26780.03
561.33        26356.34
561.69        26474.98
562.05        26345.96
562.41        26045.84
562.77        26271.17
563.13        26316.38
563.49        25776.96
563.85        26445.95
564.21        26239.81
564.57        25737.32
564.93        26155.03
565.29        26244.33
565.65        26116.46
566.01        25784.71
566.37        26205.49
566.73        26403.62
567.09        25882.82
567.45        25616.18
567.81        25658.74
568.17        25529.04
568.52        25563.92
568.88         25379.6
569.24        25307.58
569.60        25085.12
569.96        25000.77
570.32        24964.17
570.68        24561.18
571.04        24618.91
571.40        25233.17
571.76        25137.08
572.11        24934.88
572.47        24386.73
572.83        24514.67
573.19        24488.63
573.55        24019.45
573.91        24346.88
574.27           23964
574.63        23879.94
574.98         24260.6
575.34        23707.79
575.70        24194.31
576.06        23903.38
576.42        23623.82
576.78        23276.22
577.14        23003.71
577.49        22699.23
577.85        23044.21
578.21        23043.21
578.57        23162.55
578.93        22577.33
579.28        22640.28
579.64        22701.16
580.00        22294.63
580.36        22282.47
580.72        22457.76
581.08        22146.36
581.43        22075.51
581.79         21978.8
582.15        21893.28
582.51        21782.19
582.86        21430.09
583.22        21060.13
583.58        21193.28
583.94        21161.11
584.30        21051.59
584.65        21013.62
585.01        20898.53
585.37        20971.64
585.73        20055.61
586.08        19816.59
586.44        20145.89
586.80        20089.66
587.16        20084.51
587.51        19804.14
587.87        19246.79
588.23        19678.43
588.59        19402.81
588.94        19266.48
589.30        19093.72
589.66        19343.49
590.02        19017.58
590.37        18437.35
590.73        18717.08
591.09         18605.3
591.44        18217.89
591.80        18176.89
592.16         18500.3
592.51         17889.1
592.87           17249
593.23        17778.85
593.58         17244.8
593.94        17283.88
594.30         17312.7
594.66           17032
595.01        16508.28
595.37        17157.04
595.73        16758.37
596.08        16268.42
596.44        16556.18
596.79        16487.84
597.15        16158.71
597.51        16110.89
597.86        16295.11
598.22        15837.13
598.58        15608.11
598.93        15961.29
599.29         15614.4
599.65        15357.22
600.00        15499.92
600.36        14851.77
600.71        15400.33
601.07        15154.88
601.43        14732.94
601.78        14554.73
602.14        14218.88
602.49        14390.06
602.85        13994.95
603.21        14289.27
603.56        14364.06
603.92         14020.7
604.27        13975.21
604.63        13924.36
604.99        13653.43
605.34        13890.13
605.70         13309.1
606.05        13365.25
606.41        12967.98
606.76         13182.2
607.12        13047.26
607.48        13011.57
607.83        12789.82
608.19        13051.79
608.54        12816.75
608.90        12361.29
609.25        12263.77
609.61         12149.1
609.96        12009.31
610.32        12153.95
610.67        12052.42
611.03        11884.01
611.38        11870.06
611.74        11853.13
612.09        11490.21
612.45        11388.62
612.80        11384.87
613.16        11337.46
613.51        10805.62
613.87        11088.57
614.22        11122.39
614.58        10806.54
614.93        10832.34
615.29        10599.62
615.64        10482.81
616.00        10321.29
616.35        10492.63
616.71        10444.02
617.06        10348.32
617.41        10376.53
617.77            9884
618.12        9781.546
618.48        9904.099
618.83            9922
619.19        9868.396
619.54        9356.898
619.90        9573.425
620.25        9424.128
620.60        9267.564
620.96        9149.976
621.31        9220.516
621.67        9026.865
622.02        9127.585
622.37        8867.194
622.73        8740.633
623.08        8696.176
623.44        8781.587
623.79        8434.577
624.14        8575.388
624.50        8260.716
624.85        8229.577
625.21        8440.606
625.56        8293.725
625.91        8097.391
626.27        8067.517
626.62        7948.849
626.97        7996.186
627.33        7805.456
627.68        7910.931
628.03        7812.906
628.39        7469.673
628.74        7685.619
629.09         7617.17
629.45        7679.785
629.80        7514.942
630.15        7089.427
630.51        7539.602
630.86        7202.946
631.21        7156.591
631.57        7082.756
631.92        7271.015
632.27        7002.684
632.63         6810.33
632.98        6890.855
633.33        6891.232
633.69         6960.99
634.04        6719.522
634.39        6484.643
634.74        6523.604
635.10        6600.648
635.45        6547.416
635.80        6676.983
636.15        6507.159
636.51        6342.142
636.86        6193.546
637.21        6127.967
637.56        6271.613
637.92        6085.944
638.27        6068.886
638.62        6037.929
638.97        5956.419
639.33        5861.908
639.68        5923.351
640.03         6076.78
640.38        6065.677
640.74        5654.115
641.09         5488.03
641.44        5649.843
641.79        5508.032
642.14        5575.298
642.50        5491.685
642.85        5383.713
643.20        5309.968
643.55        5197.342
643.90        5159.099
644.26        5196.472
644.61        5310.726
644.96        5144.374
645.31        5174.408
645.66         4920.43
646.01        4875.522
646.37        4911.155
646.72        4712.142
647.07        5017.417
647.42        4833.316
647.77        4672.712
648.12        4530.667
648.47        4415.247
648.83          4689.2
649.18        4504.722
649.53        4628.456
649.88         4580.42
650.23        4350.104
650.58        4313.243
650.93        4304.582
651.28        4351.422
651.64        4323.655
651.99        4212.692
652.34        4140.226
652.69        4055.901
653.04        4134.013
653.39         4055.91
653.74        4027.526
654.09        4098.448
654.44        3879.833
654.79        4040.535
655.14         3844.42
655.49         3935.48
655.85        3863.147
656.20        3583.897
656.55        3799.871
656.90        3763.191
657.25        3756.162
657.60        3609.431
657.95        3509.414
658.30        3469.792
658.65        3565.641
659.00         3399.18
659.35        3413.678
659.70        3355.789
660.05         3553.12
660.40        3200.695
660.75        3313.569
661.10        3344.469
661.45        3384.359
661.80        3201.894
662.15        3144.196
662.50        3183.796
662.85        3080.904
663.20          2909.9
663.55        3250.044
663.90        2883.133
664.25        3003.481
664.60        2904.331
664.95        3017.901
665.30        2753.685
665.65        2764.563
666.00         2814.94
666.35        2698.273
666.70        2628.694
667.05        2771.396
667.40          2649.3
667.74         2527.58
668.09        2686.102
668.44        2719.314
668.79        2637.212
669.14        2513.766
669.49        2379.361
669.84        2313.473
670.19        2439.621
670.54        2407.909
670.89        2271.193
671.24        2395.479
671.59        2246.743
671.93        2267.795
672.28          2185.6
672.63         2345.08
672.98        2078.808
673.33        2141.144
673.68        2106.896
674.03        2143.806
674.38        2078.258
674.72        2091.515
675.07        2120.185
675.42         1882.29
675.77        2101.654
676.12        2049.893
676.47        2005.343
676.82        1916.753
677.16        2001.786
677.51        1916.576
677.86        1876.732
678.21        1903.427
678.56        1867.684
678.90        1854.598
679.25        1776.081
679.60         1702.32
679.95        1848.354
680.30        1682.683
680.65        1799.621
680.99        1640.705
681.34        1704.533
681.69        1689.052
682.04        1608.506
682.38        1602.615
682.73        1623.834
683.08        1661.337
683.43        1617.516
683.78         1581.22
684.12        1469.327
684.47        1422.867
684.82        1383.227
685.17        1408.491
685.51        1496.729
685.86        1403.049
686.21        1459.515
686.55        1432.213
686.90        1378.126
687.25        1279.343
687.60         1362.26
687.94         1360.74
688.29         1366.24
688.64        1212.376
688.99        1224.995
689.33        1235.738
689.68        1233.879
690.03        1206.777
690.37        1184.215
690.72        1176.813
691.07        1084.085
691.41        1187.913
691.76        1214.201
692.11        1085.182
692.45        1005.525
692.80        971.3588
693.15        1099.592
693.49          1044.4
693.84        939.5693
694.19        1023.409
694.53        967.8806
694.88        1078.835
695.23        987.5443
695.57        939.4991
695.92         977.403
696.26        895.6341
696.61        945.1317
696.96        954.4824
697.30        859.2359
697.65        873.2975
698.00        908.3589
698.34        798.4888
698.69        847.0148
699.03        834.8657
699.38        920.5113
699.72        906.5185
700.07        844.8159
700.42        774.7429
700.76        867.7051
701.11        721.1691
701.45        700.3573
701.80        802.3578
702.14        797.2278
702.49        646.7981
702.84        744.6443
703.18        731.9308
703.53         728.388
703.87        729.6737
704.22        714.5193
704.56        657.3735
704.91        625.1383
705.25        723.4086
705.60        750.2019
705.94        655.3421
706.29        642.6876
706.63        691.4091
706.98        574.6823
707.32        715.5382
707.67        605.6248
708.01        618.2269
708.36        577.3277
708.70        622.0685
709.05        606.6456
709.39        573.5067
709.74         564.264
710.08        611.5317
710.43        527.6992
710.77        539.1621
711.12        509.3767
711.46        546.7254
711.81         440.693
712.15        484.2955
712.49        477.0175
712.84        495.2355
713.18        529.4048
713.53         449.745
713.87        556.4811
714.22        495.3376
714.56        356.4496
714.90        392.1312
715.25         447.813
715.59        433.7401
715.94        391.4114
716.28        434.3817
716.62        413.5422
716.97        482.0388
717.31        390.0231
717.66        421.5096
718.00        411.4318
718.34        346.0131
718.69        422.2527
719.03        369.4695
719.37        441.2966
719.72        289.8937
720.06        407.2045
720.40        307.0127
720.75        336.9157
721.09        301.6232
721.43        284.4832
721.78        355.7781
722.12         300.261
722.46        340.5095
722.81        280.6239
723.15        282.0787
723.49        197.3603
723.84        249.4788
724.18        308.8001
724.52        272.0559
724.87         266.848
725.21        316.4463
725.55         287.827
725.89        260.0309
726.24        307.7013
726.58        272.7775
726.92        246.3994
727.27        267.4089
727.61          294.37
727.95        288.3912
728.29        214.0567
728.64        248.0522
728.98         234.705
729.32        242.9212
729.66         236.924
730.01         215.938
730.35        154.8699
730.69        215.9206
731.03        225.4983
731.37        235.8149
731.72        210.0085
732.06        228.6311
732.40        217.8889
732.74        211.2817
733.08        181.2874
733.43         200.866
733.77        170.0604
734.11        144.8658
734.45        207.8459
734.79        206.3892
735.14         236.719
735.48        145.4783
735.82        165.2721
736.16        136.3167
736.50        169.0108
736.84        150.6529
737.18        149.7577
737.53         197.327
737.87        141.0952
738.21        139.3662
738.55        106.0481
738.89        113.7978
739.23        149.5379
739.57         173.294
739.92        110.1554
740.26        156.2549
740.60        161.5063
740.94        97.06783
741.28        112.9348
741.62        178.3878
741.96        164.1975
742.30        77.39549
742.64        77.54201
742.98        112.4444
743.32        121.8279
743.67        153.1091
744.01        149.0202
744.35        122.9948
744.69        95.78103
745.03        81.05784
745.37        107.7072
745.71        132.7197
746.05        92.83138
746.39        129.8173
746.73        146.1238
747.07        102.3166
747.41        167.2618
747.75        122.6573
748.09        38.55126
748.43        108.5934
748.77        111.3708
749.11         142.658
749.45        38.37404
749.79        97.01414
750.13        78.14054
750.47        84.83237
750.81        131.5377
751.15        88.52376
751.49        112.9208
751.83         89.3329
752.17        82.19532
752.51        34.68137
752.85        146.2913
753.19        127.1325
753.53        79.41376
753.87        54.88017
754.21        58.18413
754.54        84.88638
754.88        37.07402
755.22        91.76519
755.56        120.8986
755.90          131.86
756.24        9.604534
756.58        69.54937
756.92        43.96233
757.26        44.79941
757.60         54.6419
757.94        59.74759
758.27        94.70976
758.61        89.73721
758.95        35.52142
759.29        54.42672
759.63         94.2097
759.97        91.96519
760.31        65.25803
760.65        76.00908
760.98        46.88095
761.32        59.99252
761.66        86.33074
762.00        130.9584
762.34        61.74638
762.68        47.31076
763.01        11.62967
763.35        37.41066
763.69        60.89252
764.03        67.53907
764.37        15.78194
764.70        13.31732
765.04        34.20051
765.38        31.37965
765.72        66.57489
766.06        8.714597
766.39        36.47552
766.73        28.51959
767.07        61.66726
767.41        50.54239
767.75       -14.36279
768.08        3.047175
768.42        56.32897
768.76      -0.7797852
769.10        84.59541
769.43        52.98232
769.77        36.47348
770.11       -7.983398
770.44       -20.38538
770.78        34.67512
771.12        92.62146
771.46        73.82906
771.79        15.56743
772.13       -1.276855
772.47        45.12561
772.80        91.31539
773.14        64.87823
773.48        30.26528
773.82       -33.91687
774.15        48.72686
774.49        26.00107
774.83         5.18184
775.16        14.37921
775.50       -32.94202
775.84        38.64095
776.17       -10.52014
776.51       -3.084595
776.85        33.62034
777.18        3.703938
777.52        42.87043
777.85        34.40878
778.19        37.56632
778.53        2.963208
778.86        -12.1272
779.20        36.79536
779.54        29.17679
779.87        7.396955
780.21        15.07493
780.54       -6.196045
780.88        25.49599
781.22       -15.90796
781.55        2.499712
781.89        -1.83606
782.22        16.55258
782.56        -4.45459
782.89       -26.67017
783.23        14.78644
783.57       -18.11462
783.90       -2.947144
784.24       -9.355347
784.57        25.29452
784.91         18.0221
785.24       -26.31311
785.58       -26.95789
785.91       -33.21716
786.25        5.055296
786.58        12.24354
786.92       -41.41711
787.25       -31.14197
787.59        38.03383
787.92        25.19179
788.26       -16.20752
788.59        8.138352
788.93        29.89169
789.26       -47.02344
789.60        31.51601
789.93        31.75413
790.27        29.45964
790.60        48.19431
790.94       -3.694946
791.27         49.5342
791.61        28.73119
791.94       -21.52649
792.27        13.52072
792.61       -1.192017
792.94        33.93361
793.28        26.03211
793.61       -30.00427
793.95        5.510825
794.28        31.03955
794.61       -71.08936
794.95        -33.7854
795.28       -53.84534
795.62        20.58427
795.95        74.52623
796.28       -21.24341
796.62        -12.2428
796.95        15.20892
797.28        4.848557
797.62        10.12745
797.95        39.56456
798.29        28.18557
798.62       -30.99341
798.95        18.00895
799.29         15.8921
799.62        19.84875
799.95        -42.8042
800.29       -29.83752
800.62        10.09209
800.95        72.07993
801.29        6.174051
801.62       -44.26575
801.95        40.73546
802.29         32.0983
802.62        -26.2876
802.95        22.55431
803.28        45.19331
803.62       -15.91016
803.95        50.03333
804.28        17.77708
804.61        12.39588
804.95        5.646532
805.28        7.876727
805.61        12.87534
805.95       -33.49304
806.28        6.259436
806.61       -1.342285
806.94         29.0632
807.27        23.65451
807.61       -26.28235
807.94        45.02083
808.27        19.58972
808.60     -0.03564453
808.94       -4.729736
809.27        50.84164
809.60        4.394648
809.93       -14.83081
810.26       -16.78601
810.60        6.893561
810.93        -7.72937
811.26        15.38688
811.59       -15.00903
811.92        36.43456
812.25        12.11495
812.59        15.40941
812.92        36.33916
813.25       -31.94275
813.58        31.07124
813.91        23.28467
814.24       -32.80493
814.57        26.29147
814.91        32.92292
815.24        15.62532
815.57        2.073303
815.90        10.66815
816.23        21.36734
816.56         8.18675
816.89        5.546504
817.22        34.19102
817.55        41.32642
817.88       -2.510864
818.22      -0.4460449
818.55        2.403565
818.88        35.82843
819.21        41.15501
819.54        3.028959
819.87       -31.56274
820.20       -3.071289
820.53       -12.61829
820.86        6.632279
821.19       -54.97083
821.52       -32.32019
821.85        29.48023
822.18       -26.60864
822.51        4.826353
822.84        3.531899
823.17        1.875081
823.50        22.23308
823.83        14.57151
824.16       -41.32751
824.49        31.30053
824.82       -20.48901
825.15        18.08419
825.48        37.46003
825.81        38.00763
826.14       -22.45349
826.47       0.2421985
826.80        8.181791
827.13       -23.16089
827.46       -17.84204
827.79       -21.85901
828.12       -91.16565
828.45       -16.04797
828.78       -55.74719
829.10        10.85614
829.43        24.35254
829.76       -25.37939
830.09        31.90006
830.42      -0.4486084
830.75        41.97321
831.08        38.13721
831.41       0.7926692
831.74        -7.99939
832.07        14.10969
832.39       -31.80273
832.72       -6.651611
833.05       0.9165193
833.38        2.210948
833.71        12.00511
834.04       -50.31018
834.37       -7.580811
834.69       -15.72168
835.02       -2.912354
835.35       -53.95605
835.68        11.55832
836.01       0.4884929
836.34        9.257127
836.66       -27.42346
836.99       -12.49756
837.32        62.05044
837.65        47.62737
837.98       -11.06238
838.30        15.73871
838.63        -22.0813
838.96       -6.081665
839.29        1.723311
839.61        12.70665
839.94       -7.311646
840.27       -81.17493
840.60       -54.75342
840.92        41.92244
841.25        29.05533
841.58         5.13991
841.91       -7.568237
842.23          3.7131
842.56        13.78858
842.89         31.1716
843.22       -11.94348
843.54       -20.01758
843.87      -0.9338379
844.20        39.00142
844.52       -49.86755
844.85        28.48035
845.18       -14.44495
845.50        -43.4646
845.83       -58.68018
846.16         9.64377
846.48       -18.67126
846.81        5.072219
847.14        -23.8324
847.46       -25.85278
847.79        28.05999
848.12       -28.74536
848.44       -65.86682
848.77       -12.96277
849.09         8.17554
849.42        36.75321
849.75        10.35478
850.07       -1.953491
850.40        7.467881
850.73         32.5421
851.05        27.41892
851.38        3.472292
851.70       -55.95459
852.03       -46.01538
852.35        18.00604
852.68        38.70003
853.01       -29.74316
853.33        26.85185
853.66        12.27847
853.98       -19.80908
854.31        29.84717
854.63       -21.81494
854.96       -58.67822
855.28        16.06493
855.61       -11.37646
855.93        42.63919
856.26        29.70068
856.58       -11.89417
856.91        29.85968
857.23        9.717954
857.56        7.584294
857.88       -9.948242
858.21       -57.65015
858.53       -2.302734
858.86         41.7478
859.18       -33.36902
859.51        47.04546
859.83        26.98789
860.16       -23.51904
860.48       -6.679077
860.81       0.4237126
861.13       -33.99487
861.45       -34.71716
861.78       -6.279419
862.10        32.72048
862.43       -12.15649
862.75        16.98487
863.08        -2.76123
863.40         -9.5802
863.72       -14.60083
864.05        41.44877
864.37        26.52696
864.70        49.41862
865.02         8.12531
865.34       -45.30969
865.67        -36.5105
865.99        21.06643
866.31         6.06152
866.64       -13.54944
866.96        8.062792
867.28       -35.16943
867.61         32.0734
867.93        -3.74939
868.25       -42.81311
868.58         2.34439
868.90       -5.740845
869.22       -16.65234
869.55        22.93816
869.87        6.370567
870.19       -3.543091
870.52       -43.86609
870.84        21.55932
871.16        24.83208
871.48       -59.92761
871.81       -27.12939
872.13       -36.97046
872.45       -10.49487
872.77        5.122988
873.10        51.12398
873.42       -10.46277
873.74       -20.61011
874.06        22.58535
874.39       -15.24316
874.71       -62.75281
875.03        4.075701
875.35       -46.28088
875.68       -12.10229
876.00        3.334646
876.32       -17.13574
876.64       -68.63391
876.96       -12.36975
877.28       -26.91382
877.61        6.664939
877.93       -42.51428
878.25       -24.35645
878.57        9.702623
878.89        6.825546
879.21       -28.64307
879.54       -22.99573
879.86       -55.01428
880.18       -13.34229
880.50       -34.59827
880.82       -29.03345
881.14       -10.66199
881.46        -54.3634
881.79       -35.79309
882.11       -42.57117
882.43        22.15525
882.75        13.30352
883.07       -12.57861
883.39        25.83291
883.71       -20.78198
884.03       -7.512329
884.35       -15.58276
884.67       -39.29761
884.99        2.090225
885.31       -24.76123
885.63       -27.46973
885.95        30.70229
886.28        -15.3186
886.60       -3.275024
886.92         16.7229
887.24       -55.09863
887.56       -20.47314
887.88        51.39555
888.20        26.06672
888.52        30.12633
888.84       -27.20349
889.16       -4.199707
889.48       -25.34937
889.80       -1.222778
890.12        23.29545
890.44        11.73294
890.76        -37.9397
891.07      0.00732955
891.39        2.002378
891.71        3.628702
892.03       -5.034546
892.35       -63.66687
892.67       -26.61536
892.99       -33.72937
893.31        43.86553
893.63       -61.19275
893.95       -12.57129
894.27       -17.99426
894.59       -40.69824
894.91        26.04774
895.22        1.122609
895.54    -0.008666992
895.86        23.23034
896.18       -43.91711
896.50        17.22331
896.82       -16.43127
897.14       -15.93677
897.46       -13.27454
897.77        16.34056
898.09       -52.27905
898.41        29.02289
898.73       -15.06714
899.05       -9.074951
899.37        17.27893
899.68        3.793834
900.00       -1.167603
900.32        6.353321
900.64        2.744721
900.96       -33.37158
901.27        9.898503
901.59        1.673297
901.91       -27.16418
902.23       -10.83533
902.55       -9.627563
902.86       -25.23645
903.18      -0.2316895
903.50        23.77815
903.82        6.444187
904.13        31.38191
904.45        -29.8446
904.77       -29.96826
905.08        33.36705
905.40        25.19513
905.72       -27.91528
906.04       -11.06714
906.35         6.13708
906.67        -33.3772
906.99        50.33961
907.30       -28.58533
907.62       -16.32239
907.94         27.3896
908.25        -16.1283
908.57       -27.16907
908.89       -27.50085
909.20       -39.05127
909.52        1.025816
909.84       -43.34277
910.15       -20.50232
910.47        14.85435
910.79       -45.44641
911.10       -33.08606
911.42       -4.172729
911.74       -34.75903
912.05       -18.73755
912.37        56.75267
912.68        7.487499
913.00        13.10623
913.32       -4.133423
913.63       -5.447876
913.95       -29.68054
914.26       -8.875732
914.58       -8.956421
914.89       -41.80566
915.21        18.71902
915.52       -29.50537
915.84        3.739616
916.16         8.53696
916.47         33.3484
916.79        9.570149
917.10       -13.23572
917.42       -34.52869
917.73        16.54407
918.05       -1.630493
918.36       -52.66162
918.68       -4.197876
918.99        7.169627
919.31       -62.38232
919.62       0.3642139
919.94        25.04335
920.25        16.85089
920.57        6.352997
920.88       -32.15796
921.19       -17.00305
921.51       -10.57971
921.82       -28.86682
922.14        13.75031
922.45       -39.31421
922.77        42.76155
923.08       -12.20911
923.39        8.710609
923.71        20.73895
924.02        45.95482
924.34       -41.67273
924.65       -19.02417
924.96        19.30768
925.28        -24.1272
925.59      -0.7446289
925.91        51.92508
926.22        23.35097
926.53       -5.107544
926.85       -23.41235
927.16       -31.79492
927.47       -3.329712
927.79        8.270826
928.10        14.74785
928.41       -23.69165
928.73        3.898173
929.04       -7.915649
929.35       -58.32935
929.67       -20.88086
929.98        45.04347
930.29       -4.660522
930.60       -45.71936
930.92       -39.53052
931.23       -2.916016
931.54       -23.91382
931.86       -25.45203
932.17       -15.33313
932.48      -0.3939209
932.79       -19.88489
933.11       -40.51453
933.42        -40.5824
933.73        36.16174
934.04       -58.52905
934.35       -26.98169
934.67       -18.71973
934.98       -61.65125
935.29       -35.37305
935.60        -15.9668
935.91        9.606475
936.23       -1.622314
936.54       -12.73572
936.85       -71.08972
937.16        32.19478
937.47        27.86412
937.78        9.342174
938.10        12.99337
938.41       -3.118286
938.72       -4.174194
939.03        11.58386
939.34       -47.40088
939.65         33.7593
939.96       -41.53796
940.28       -12.32202
940.59       -45.67529
940.90       -41.78271
941.21        19.66949
941.52       -26.26794
941.83       -37.43799
942.14       -31.80566
942.45        12.21142
942.76       -23.16016
943.07       -0.236084
943.38        20.83187
943.69        22.15849
944.00       0.2765827
944.32       -40.04163
944.63       -42.38977
944.94        -25.8905
945.25        28.15743
945.56       -62.38232
945.87       0.6486651
946.18        23.47234
946.49       -41.99902
946.80       -27.12537
947.11       -36.70056
947.42       -25.76599
947.73       -26.80493
948.04       -55.76123
948.35        2.834616
948.65      0.01390459
948.96       -69.23682
949.27       -23.17712
949.58       -15.68164
949.89       -37.19348
950.20       -58.08057
950.51        5.469326
950.82        -56.6709
951.13       -37.30457
951.44       -4.186768
951.75        11.71203
952.06       -59.56201
952.37       -43.51794
952.67       -17.00757
952.98       -41.35193
953.29       -101.7672
953.60        16.36147
953.91       -34.90686
954.22        9.058039
954.53       -3.465698
954.84        9.111934
955.14        21.79215
955.45       -13.40454
955.76        5.611177
956.07       -61.24756
956.38       -26.51453
956.68        25.39692
956.99       -52.04272
957.30       -4.566772
957.61        12.29582
957.92       -69.62939
958.22       -20.55713
958.53        3.536758
958.84        15.85556
959.15       -18.23865
959.46       -15.23718
959.76        17.10819
960.07        11.78565
960.38       -51.48389
960.69       -14.94092
960.99       -18.28381
961.30       -19.51392
961.61       -9.751343
961.91        46.88818
962.22      -0.5753174
962.53        25.26509
962.83       -43.85571
963.14       -23.89087
963.45        5.596518
963.76        28.23537
964.06        30.42029
964.37       -36.32678
964.68        20.70629
964.98        9.819708
965.29       -46.40686
965.59        14.52149
965.90        27.87199
966.21       -23.76123
966.51       -8.975708
966.82       -74.44348
967.13       -4.769043
967.43        51.09681
967.74        2.929794
968.04        34.15372
968.35       -38.21863
968.66       -65.20715
968.96       -20.34387
969.27        14.81706
969.57        4.780219
969.88        13.07712
970.18        1.868182
970.49        13.37186
970.80       -10.70386
971.10        33.72782
971.41        27.86703
971.71        35.44575
972.02        4.131643
972.32         5.62174
972.63        10.90421
972.93       -14.07532
973.24        -32.8031
973.54        24.77613
973.85       -20.65686
974.15       -23.41907
974.46      -0.7468262
974.76        23.47364
975.07       -27.65234
975.37        20.28304
975.67       -23.73901
975.98        10.27103
976.28        16.40728
976.59        50.50908
976.89         28.5225
977.20       -50.60681
977.50        9.209375
977.80       -13.46533
978.11       -35.19055
978.41        -18.4635
978.72        35.94755
979.02        9.581899
979.32        15.98775
979.63        20.11004
979.93        4.171633
980.23        4.426348
980.54        21.68037
980.84       -15.06128
981.14        1.632122
981.45       -9.873413
981.75        6.376495
982.05        31.06693
982.36        4.263145
982.66         6.70784
982.96       -56.14685
983.27       -24.89233
983.57       -56.22791
983.87        61.16186
984.17       -20.70166
984.48       -22.87537
984.78        6.687252
985.08        9.982256
985.39       -26.57605
985.69        -41.0531
985.99        31.18604
986.29       -10.58826
986.59        4.158806
986.90       -38.43787
987.20       -37.72424
987.50       -13.50793
987.80       -4.224609
988.11        19.65774
988.41        8.216824
988.71       -6.406494
989.01        11.10115
989.31        21.69632
989.61       -17.88977
989.92       -8.378296
990.22       -8.160156
990.52       -25.47424
990.82       -65.56201
991.12       -58.42908
991.42        42.72166
991.72        29.86356
992.03        14.21008
992.33       -38.04797
992.63       -11.00574
992.93         24.2953
993.23       -19.87427
993.53      -0.4349365
993.83       -35.53455
994.13        15.01996
994.43       -34.73132
994.73      -0.9545898
995.03        24.06602
995.33       -45.71167
995.63       -9.783081
995.94       -50.22534
996.24       -55.79016
996.54       -35.23389
996.84       -13.53235
997.14       -27.86169
997.44        39.07698
997.74       -0.708252
998.04       -6.874268
998.34        34.85019
998.64       -75.78381
998.94       -26.03162
999.23       -26.86609
999.53       -12.27539
999.83        8.697566
1000.13       -5.838989
1000.43        6.528909
1000.73       -56.58386
1001.03        27.30082
1001.33        16.35629
1001.63        -5.21875
1001.93       -49.73828
1002.23       -35.25012
1002.53       -34.66382
1002.83       -29.43274
1003.13       -13.53601
1003.42        -61.4397
1003.72          15.448
1004.02       -11.18127
1004.32        1.058476
1004.62       -57.98535
1004.92        -74.9231
1005.22        28.65897
1005.51       -79.95825
1005.81       0.2922119
1006.11       -68.59229
1006.41       -71.49573
1006.71       -47.90649
1007.00        -36.0835
1007.30       -45.97827
1007.60        -5.36792
1007.90        33.46126
1008.20       -10.48535
1008.49       -50.72571
1008.79       -7.150146
1009.09        8.627934
1009.39        11.44813
1009.68       -57.48975
1009.98        13.94154
1010.28       -12.44568
1010.58        18.48227
1010.87        22.60131
1011.17       -1.973877
1011.47       -6.695313
1011.76       -21.79456
1012.06       -40.45459
1012.36        11.77746
1012.65        9.769693
1012.95       -35.17383
1013.25        -37.0376
1013.54       -55.74976
1013.84       -11.27539
1014.14       -34.35791
1014.43       -67.36792
1014.73        8.868975
1015.03       -29.90686
1015.32       -31.78418
1015.62        -65.9209
1015.91       -19.40015
1016.21       -74.52869
1016.51       -23.96045
1016.80       -41.86902
1017.10       -78.29053
1017.39       -35.04492
1017.69       -61.08972
1017.98       -11.74719
1018.28       -5.304199
1018.57       -36.14392
1018.87       -44.94873
1019.17        4.598702
1019.46       -65.22314
1019.76       -23.96716
