350.32        8.091572
350.69        9.088327
351.06        4.186184
351.43        20.93514
351.80       -34.01709
352.17        15.76275
352.54       -3.412109
352.91        22.21195
353.28       -18.08325
353.65       -43.69971
354.02       -17.82544
354.39       -30.09839
354.76        -46.8512
355.13        25.50461
355.50        12.47091
355.87       -4.555908
356.24        4.708216
356.60       -56.05151
356.97       -59.52087
357.34        9.842129
357.71       -17.43457
358.08       -27.22217
358.45         26.6008
358.82        20.13203
359.19       -7.621582
359.56       -12.73181
359.93       -17.18872
360.30        -8.50708
360.67         -69.771
361.04       -21.95361
361.41        19.43956
361.78       -1.062866
362.15       -5.574951
362.52       -37.90503
362.89        2.615153
363.26        3.376684
363.63       -26.18762
364.00       -16.02502
364.37        4.247408
364.74       -20.18005
365.11       -13.32971
365.48       -6.147217
365.85       -24.63086
366.22         40.8798
366.59       -4.040894
366.96        34.28772
367.33        42.91236
367.70       -2.112549
368.07       -40.20117
368.45        10.64067
368.82       -13.84912
369.19        -5.14917
369.56       -32.58081
369.93        20.31295
370.30        -26.9071
370.67        3.687231
371.04       -2.200439
371.41       -1.980469
371.78        10.88912
372.15        31.47472
372.52        -46.0918
372.89        23.29739
373.26        39.29312
373.63        6.590565
374.00        7.497739
374.37      0.06758276
374.74       -14.89832
375.11        7.331096
375.48       -46.67041
375.85       -34.08008
376.22        20.36696
376.59        -18.0304
376.96        47.98205
377.33        21.25728
377.70         10.5529
378.07       -26.25659
378.44        14.36584
378.81       -78.03186
379.18        -26.2356
379.55        13.09265
379.92       -36.10632
380.30        18.02307
380.67        23.89129
381.04        13.92925
381.41       -27.92529
381.78       -2.202515
382.15       -3.439087
382.52      -0.9013672
382.89        -2.84082
383.26       -44.06287
383.63        22.37763
384.00      -0.8908691
384.37       -14.47534
384.74       -14.47876
385.11        38.53057
385.48        43.28707
385.85       -4.980103
386.22       -31.63806
386.59       -28.87427
386.96        -16.9071
387.33       -28.10327
387.70       0.5136074
388.07       -25.22766
388.44        10.40404
388.82        -22.4325
389.19        24.07012
389.56       0.1110211
389.93       -14.78918
390.30        4.793477
390.67       -22.70044
391.04      -0.2597656
391.41       -4.335571
391.78       -15.40417
392.15       -36.46252
392.52       -35.34839
392.89        22.20646
393.26       -12.48401
393.63        16.66426
394.00       -40.69043
394.37       -10.63123
394.74         8.82907
395.11        -28.1593
395.48        30.37782
395.85        4.217551
396.22        20.63817
396.59        -37.4939
396.96        26.84043
397.33       -6.040283
397.70       -11.20215
398.08       -9.875977
398.45        18.27617
398.82        36.90251
399.19       -37.88184
399.56         30.9684
399.93         41.7201
400.30       -19.04297
400.67       -3.783325
401.04        11.31231
401.41       -25.51123
401.78       -15.26233
402.15       -12.03516
402.52        30.47581
402.89       -20.67358
403.26        16.28127
403.63        18.25288
404.00       -20.82458
404.37       -67.96631
404.74       -15.91418
405.11        3.810541
405.48       -29.48572
405.85        13.47545
406.22       -13.13916
406.59        9.871771
406.96        57.76919
407.33       -5.324585
407.70       -56.06873
408.07       -16.43628
408.44        1.444679
408.81        28.81064
409.18       -7.616333
409.55        -19.5415
409.92       -9.178345
410.29        -3.71875
410.66        47.31367
411.03       -32.60681
411.40       -17.27246
411.77       -66.54297
412.14        15.10285
412.51       -25.84216
412.88       -3.202148
413.25       0.9980069
413.62       -11.94556
413.99       -12.11975
414.36        40.42123
414.73        8.480262
415.10        18.14854
415.47        35.26337
415.84        8.028084
416.21       -2.246826
416.58       -70.42554
416.95       -51.23328
417.32       -12.11877
417.69        -26.8363
418.06       -28.59595
418.43        -29.2334
418.80        45.70612
419.17        7.814856
419.54        -5.80835
419.91       -12.43005
420.28       -14.85498
420.65        41.38107
421.02        13.40614
421.39       -4.529785
421.76        17.25328
422.13        14.59091
422.50        13.20561
422.87       -34.67566
423.24        14.29071
423.61       -26.42297
423.98        13.11647
424.35        6.214811
424.72        27.18904
425.09        22.31727
425.46       -57.31836
425.83        14.69989
426.20       -53.38916
426.57        5.717134
426.94       -38.66833
427.31       -5.140137
427.68       -3.905884
428.05        52.17671
428.42       -41.20667
428.79        12.11624
429.15        1.445865
429.52       -10.98181
429.89        7.477475
430.26       -11.45776
430.63        13.81887
431.00        3.422602
431.37       -7.980103
431.74        35.66846
432.11        7.131039
432.48        12.19719
432.85      -0.7539063
433.22        2.114478
433.59       -26.26221
433.96       -44.68323
434.33        5.411228
434.69       -4.600098
435.06       -41.45422
435.43       -7.310425
435.80       -4.838013
436.17        3.059463
436.54        15.91004
436.91        21.45767
437.28        -29.9176
437.65        9.362977
438.02        7.620619
438.39        28.26347
438.76        30.35766
439.12        41.53867
439.49        20.14636
439.86        -41.6416
440.23       -27.56458
440.60        2.401517
440.97        36.37085
441.34        18.61231
441.71         19.4774
442.08       -22.74463
442.44        4.700886
442.81        19.56503
443.18       -64.64978
443.55       -3.118774
443.92        -65.8512
444.29        39.79546
444.66       -2.681885
445.03        12.55078
445.39        57.29967
445.76       -56.18665
446.13      -0.7824707
446.50          11.189
446.87        8.141047
447.24        41.37891
447.61        13.48181
447.98        29.96057
448.34        15.31175
448.71        1.764378
449.08        18.43883
449.45       -6.344971
449.82       -5.876587
450.19       -36.87781
450.55       -8.042114
450.92       -6.790405
451.29        18.10855
451.66        9.390032
452.03       -13.39807
452.40        13.67852
452.76       -23.18872
453.13        3.104087
453.50        5.139587
453.87       -70.06726
454.24       -30.85803
454.61        -15.1897
454.97       -18.28772
455.34       -37.74976
455.71         10.3799
456.08        15.72157
456.45        31.89489
456.81        11.12637
457.18         5.96936
457.55       -20.45801
457.92        18.90454
458.29       -6.200439
458.65        18.63936
459.02        36.26855
459.39       -43.67041
459.76        23.48571
460.13       -9.286255
460.49        17.06367
460.86        7.917903
461.23        15.62262
461.60       -3.250122
461.97       -12.23633
462.33       -25.31287
462.70       -77.46008
463.07       -58.25452
463.44        12.12724
463.80        5.698701
464.17         -13.396
464.54         39.6315
464.91       -5.029785
465.27        26.39161
465.64        22.27674
466.01        26.01821
466.38       -50.22498
466.74       -6.500122
467.11       -21.25012
467.48       -25.11572
467.85        8.339596
468.21        36.47315
468.58       -48.34229
468.95        3.370217
469.32       -40.73633
469.68        -45.0116
470.05        8.704896
470.42        9.628464
470.78       -27.58459
471.15        16.38637
471.52       -11.52893
471.89        25.22553
472.25        45.73264
472.62       -3.929443
472.99          9.4062
473.35        8.204212
473.72        46.02748
474.09       -1.217651
474.45      -0.5032959
474.82        25.90729
475.19        9.334951
475.55        3.916497
475.92       -30.39221
476.29       -32.31421
476.66        54.46122
477.02        30.14541
477.39       -18.46045
477.76        6.410233
478.12        -8.42627
478.49       -1.952881
478.86        43.25959
479.22       -32.61328
479.59        10.75913
479.96       -35.15625
480.32       -44.79553
480.69       -4.080811
481.05       -3.358154
481.42        18.52269
481.79         5.37361
482.15       -23.01624
482.52        23.71553
482.89        20.66835
483.25      -0.8500977
483.62        26.77435
483.99        7.980548
484.35        30.38817
484.72       -43.31799
485.08        37.03252
485.45       -30.06421
485.82       -31.92212
486.18       -18.65942
486.55       -1.056641
486.91        32.31465
487.28        55.35569
487.65        2.118466
488.01        13.08855
488.38        32.62403
488.74        -23.0509
489.11        11.91187
489.48        19.37861
489.84        -38.7998
490.21        15.48249
490.57        9.006407
490.94       -21.28088
491.30        35.94324
491.67       -34.87048
492.04       -3.533447
492.40       -3.472534
492.77        15.57476
493.13        13.24064
493.50        51.06038
493.86       -3.227783
494.23       -60.70459
494.60        13.45238
494.96       -13.77417
495.33       -33.62134
495.69       -7.944336
496.06        2.373708
496.42        -18.6239
496.79        53.84531
497.15        11.30444
497.52       -27.76123
497.88       -22.12915
498.25       -8.275391
498.61       -7.713623
498.98       -18.58459
499.34         4.96831
499.71       -6.074951
500.07        6.564372
500.44       -32.66833
500.80        27.01118
501.17        7.239906
501.53       -31.88049
501.90        27.65931
502.26        22.92512
502.63       -14.62659
502.99       -1.365967
503.36        33.52184
503.72         14.1071
504.09        35.09273
504.45        10.48003
504.82        17.15432
505.18        23.44647
505.55        13.56631
505.91        20.10314
506.28       -36.28625
506.64        2.743212
507.00        11.86628
507.37       0.9500413
507.73       -12.10217
508.10       -25.75745
508.46        23.62336
508.83       -31.40942
509.19       -30.06799
509.55        22.55754
509.92       -58.21118
510.28        45.85198
510.65       -80.24011
511.01        16.59333
511.38       -42.83142
511.74       -8.388672
512.10        13.08704
512.47       -18.26135
512.83        8.390042
513.20       -10.51624
513.56        7.990572
513.92       -15.55115
514.29        15.50718
514.65        24.14245
515.02        -18.1615
515.38        4.088204
515.74        15.25074
516.11       -22.03003
516.47        8.149886
516.83       -3.775635
517.20       -10.34595
517.56       -9.354614
517.93       -12.49634
518.29        7.731103
518.65       -48.83215
519.02       -25.04529
519.38        12.92708
519.74       -14.39978
520.11        41.75416
520.47       -32.94043
520.83        19.71497
521.20        25.29031
521.56        -26.0874
521.92        20.86378
522.29       -15.82458
522.65       -64.50049
523.01       -14.45947
523.38        -15.8833
523.74        8.720418
524.10       -14.24744
524.47        3.035318
524.83        -51.8667
525.19       -22.63403
525.55        37.88799
525.92         10.9676
526.28       -37.02979
526.64        8.083164
527.01        20.85429
527.37        23.12309
527.73       -4.347778
528.09        -20.8634
528.46       -70.00366
528.82       -26.82251
529.18       -35.30212
529.55         12.7641
529.91        5.896279
530.27        56.84624
530.63       -50.36011
531.00       -46.47974
531.36       -9.333862
531.72       -5.579712
532.08       -29.89832
532.45       -12.74634
532.81       -4.182495
533.17         43.9964
533.53        25.03462
533.89        5.156402
534.26       -8.702148
534.62        7.167902
534.98       -23.68909
535.34       -30.97949
535.71        24.80847
536.07       -33.61951
536.43       -5.565674
536.79        2.459184
537.15        6.249088
537.52       -30.67822
537.88         5.14821
538.24       0.4992717
538.60         31.0444
538.96        11.04553
539.33        30.38536
539.69        -47.6377
540.05       -24.39038
540.41       -35.29944
540.77        -1.07251
541.13        3.773678
541.50        -18.5957
541.86     -0.01806641
542.22        5.138725
542.58        21.52493
542.94       -27.60669
543.30       -4.969849
543.66       -2.186279
544.03        1.244625
544.39        21.24423
544.75       -18.98499
545.11       -24.86365
545.47        -49.7063
545.83       -25.25159
546.19        9.221663
546.55         15.9469
546.92        3.982572
547.28         19.6973
547.64        11.96911
548.00         25.9545
548.36       -29.87268
548.72        7.457749
549.08       -14.00427
549.44       -23.61426
549.80       -4.933838
550.16        17.51661
550.53       -39.82532
550.89        35.99767
551.25         14.8619
551.61       -41.99536
551.97        31.17386
552.33        33.54944
552.69        7.434897
553.05       -24.73535
553.41       -3.380127
553.77        7.702431
554.13       -33.77454
554.49       0.3799509
554.85        18.24491
555.21        46.52089
555.57        24.68423
555.93        1.287848
556.29        17.14602
556.65       -20.84021
557.01        6.522011
557.37       -8.808716
557.73       -4.503906
558.09       -15.98596
558.46       -24.35596
558.82       -12.97766
559.18       -26.73926
559.54        24.76352
559.90       -13.26709
560.26        25.46375
560.61        7.331312
560.97       -13.82532
561.33        33.34969
561.69        9.026456
562.05       -12.82422
562.41       -20.67322
562.77       0.9419572
563.13       -3.202881
563.49        2.398391
563.85         8.67202
564.21       -22.72083
564.57        1.288172
564.93       -4.488403
565.29        43.12904
565.65      -0.3017578
566.01        13.70418
566.37       -2.628662
566.73       -6.411743
567.09       -52.94873
567.45       -19.64868
567.81        21.77124
568.17       -75.10254
568.52       -5.748047
568.88        23.60137
569.24        32.31142
569.60       -4.344604
569.96        28.58222
570.32        29.59849
570.68       -29.86877
571.04        16.85315
571.40       -29.79968
571.76        3.036504
572.11        -13.4353
572.47       -22.11536
572.83        25.17885
573.19       -8.721802
573.55       -4.280029
573.91       -39.62463
574.27       0.5142541
574.63        47.43549
574.98        10.71871
575.34        25.91796
575.70       -8.812866
576.06        -38.0304
576.42       -28.08142
576.78        9.479821
577.14       -41.48633
577.49        -37.1333
577.85        36.36039
578.21        25.79755
578.57        14.50414
578.93        2.279393
579.28        6.173405
579.64        26.98444
580.00       -34.35046
580.36        35.62609
580.72        -6.36084
581.08        16.84496
581.43        16.05167
581.79       -31.23535
582.15       -35.41345
582.51        26.73985
582.86       -12.04663
583.22        11.99261
583.58        50.51069
583.94        13.61924
584.30        25.72791
584.65         16.1683
585.01        64.41634
585.37         9.59548
585.73        15.99196
586.08       -19.43628
586.44        13.49808
586.80       -25.89771
587.16      -0.5476074
587.51        2.737715
587.87       0.5366739
588.23        10.47561
588.59        28.80363
588.94        48.14752
589.30       -15.37561
589.66        25.87656
590.02       -9.376587
590.37        10.31209
590.73         15.0044
591.09        36.20163
591.44        33.32069
591.80        19.93627
592.16        5.575714
592.51         46.7684
592.87        13.43783
593.23        42.60783
593.58        64.73539
593.94        46.31898
594.30        6.307618
594.66        34.27219
595.01           54.24
595.37        4.708432
595.73        14.36703
596.08        40.88174
596.44        50.75486
596.79        102.2293
597.15        73.09944
597.51        51.84584
597.86        30.13237
598.22        76.45358
598.58        38.56862
598.93        107.8678
599.29        108.9198
599.65        68.02954
600.00        93.92819
600.36        77.34234
600.71        71.38763
601.07        57.11856
601.43        72.39603
601.78        70.63582
602.14        80.21909
602.49        89.10185
602.85        149.8705
603.21         113.924
603.56        127.3939
603.92        134.4007
604.27        114.5564
604.63        121.3369
604.99        69.31273
605.34        141.4543
605.70         148.805
606.05        170.9634
606.41        156.3984
606.76        183.2661
607.12        177.5221
607.48        201.0405
607.83        180.7461
608.19        130.6686
608.54        196.7751
608.90        209.5966
609.25        214.1431
609.61        283.5579
609.96        230.2105
610.32        256.2411
610.67        222.9823
611.03        199.8352
611.38        265.9609
611.74        220.6782
612.09        289.3716
612.45         430.256
612.80        299.7465
613.16        311.9212
613.51        445.8266
613.87        387.5915
614.22        431.8747
614.58        339.9319
614.93        378.5302
615.29         387.845
615.64        468.1705
616.00        506.8727
616.35        532.6379
616.71        441.3206
617.06        580.7035
617.41        573.5441
617.77        551.8026
618.12        697.0238
618.48        661.3286
618.83        667.5466
619.19        806.9463
619.54         787.869
619.90        816.2386
620.25        881.7811
620.60         903.835
620.96        924.4354
621.31        902.7078
621.67        808.9861
622.02        966.0745
622.37        901.0368
622.73        949.4338
623.08        1162.372
623.44        1204.019
623.79        1190.332
624.14        1276.123
624.50        1207.379
624.85        1430.272
625.21        1462.132
625.56        1447.616
625.91        1486.551
626.27        1639.216
626.62        1551.759
626.97        1842.799
627.33        1855.342
627.68        1978.813
628.03        2129.694
628.39        1997.752
628.74        2010.997
629.09        2216.135
629.45        2439.443
629.80        2693.824
630.15        2491.918
630.51        2499.076
630.86        2705.875
631.21        2811.908
631.57        2844.989
631.92        3051.053
632.27        3332.527
632.63        3401.704
632.98        3785.634
633.33        3722.527
633.69          4007.6
634.04        4294.981
634.39        4169.954
634.74        4048.362
635.10        4957.566
635.45        4513.376
635.80        4852.298
636.15        5140.939
636.51          5140.5
636.86        5185.493
637.21        5587.443
637.56         5780.45
637.92        6108.344
638.27        6408.662
638.62        6251.693
638.97        6561.395
639.33        7593.734
639.68        7104.333
640.03        6819.992
640.38        6872.921
640.74        6868.625
641.09          7628.9
641.44        8278.319
641.79        9239.751
642.14        9577.701
642.50        10305.67
642.85        10211.07
643.20        10129.47
643.55        9652.819
643.90        10878.54
644.26        10790.74
644.61        11891.29
644.96        11209.11
645.31        11745.47
645.66        12041.78
646.01         13196.1
646.37         14408.1
646.72         14924.1
647.07        16383.48
647.42        17264.43
647.77        15742.48
648.12        15664.24
648.47        16682.98
648.83        17731.15
649.18        17314.04
649.53        19030.92
649.88        18317.16
650.23        18803.73
650.58        18908.46
650.93        19286.15
651.28        22662.37
651.64        22085.78
651.99        24108.33
652.34        21890.55
652.69        24852.31
653.04        26300.74
653.39         28621.1
653.74        30215.33
654.09        31386.14
654.44        35638.58
654.79        34496.05
655.14        42119.75
655.49        39191.87
655.85        44352.59
656.20        44179.66
656.55        48156.85
656.90         43902.7
657.25        36250.99
657.60        39199.05
657.95         44790.5
658.30        45225.93
658.65        47949.13
659.00        44323.94
659.35        38244.02
659.70         37071.5
660.05        40182.56
660.40        40290.13
660.75        33880.75
661.10        30593.34
661.45         28071.1
661.80        28315.58
662.15        30408.89
662.50        31275.55
662.85        25524.42
663.20        22826.24
663.55        20238.23
663.90        22319.58
664.25        19034.45
664.60        14536.16
664.95        13017.94
665.30        13279.65
665.65        12649.22
666.00        12516.94
666.35        12238.69
666.70        11754.75
667.05        11612.16
667.40        10617.25
667.74        8786.907
668.09        7475.641
668.44        7775.967
668.79        7643.346
669.14        7390.037
669.49        6521.565
669.84         5933.88
670.19        5522.505
670.54        5251.844
670.89        4592.372
671.24        4548.624
671.59        4234.648
671.93        4745.784
672.28        3652.038
672.63        3739.658
672.98        3059.763
673.33        3162.152
673.68        3049.592
674.03        2900.337
674.38        2856.828
674.72        2681.089
675.07        2079.226
675.42        2215.004
675.77        2102.931
676.12        1907.469
676.47        2123.648
676.82        1959.672
677.16        1879.689
677.51        1638.274
677.86        1405.855
678.21        1436.318
678.56        1410.555
678.90        1406.009
679.25        1241.072
679.60        1127.823
679.95         1106.75
680.30        1278.787
680.65        1037.448
680.99        1080.716
681.34        1013.561
681.69        1056.406
682.04        822.8917
682.38        875.7501
682.73        781.3402
683.08        658.4871
683.43        717.7163
683.78        675.1707
684.12        621.9459
684.47        628.7288
684.82        536.5729
685.17        501.6549
685.51        520.6557
685.86        473.9114
686.21        509.5907
686.55        446.6405
686.90        428.4914
687.25         392.048
687.60        333.6959
687.94        349.0139
688.29        428.7335
688.64        345.2742
688.99        340.4355
689.33        340.3423
689.68        311.9008
690.03        304.5299
690.37        307.9027
690.72        281.0139
691.07        259.1822
691.41        223.5392
691.76        263.2123
692.11        253.4448
692.45        144.7152
692.80        172.5516
693.15        181.6802
693.49        187.8791
693.84        237.6326
694.19         162.457
694.53        150.6604
694.88        152.0791
695.23        175.3745
695.57        110.8059
695.92        183.3938
696.26        184.9001
696.61        154.4956
696.96        115.1832
697.30        78.49093
697.65        90.36317
698.00        76.36744
698.34        72.50024
698.69        93.26448
699.03        119.0696
699.38        118.1715
699.72        137.6395
700.07        76.16336
700.42        122.3892
700.76         83.9054
701.11        93.37897
701.45         57.5289
701.80        76.02784
702.14        122.2614
702.49        50.34554
702.84         83.6497
703.18        43.96223
703.53        85.15527
703.87        29.21365
704.22        102.8123
704.56         74.7619
704.91         20.2921
705.25        88.14113
705.60        29.57876
705.94         29.6402
706.29       -4.387817
706.63        37.81921
706.98        58.54984
707.32        22.45708
707.67        18.81173
708.01        45.50938
708.36         66.4079
708.70        25.04368
709.05        70.92168
709.39        74.19299
709.74        53.53624
710.08        37.94922
710.43        19.04251
710.77        39.01274
711.12        59.71913
711.46        10.32212
711.81       0.3658307
712.15       -9.652954
712.49         49.8064
712.84        42.34501
713.18        52.05293
713.53        71.59306
713.87        75.02851
714.22        38.75253
714.56       -13.19873
714.90        34.20881
715.25         32.8107
715.59        19.78428
715.94       -19.80042
716.28       -28.80945
716.62        45.09133
716.97       -15.08118
717.31       -21.49219
717.66        32.89231
718.00        41.37967
718.34       -2.783325
718.69        43.45664
719.03       -25.57251
719.37        6.609967
719.72       -17.20532
720.06        11.52307
720.40         8.00092
720.75        46.79815
721.09        62.40458
721.43       -10.23157
721.78       -22.49988
722.12        56.62794
722.46       -11.09705
722.81        19.62195
723.15        20.24532
723.49        25.32233
723.84         4.03528
724.18       -43.28418
724.52       -14.71252
724.87       -8.724243
725.21       -3.700073
725.55       -31.99268
725.89       -21.48853
726.24        5.742787
726.58        41.32728
726.92        34.54415
727.27        45.22824
727.61        37.30695
727.95        23.60364
728.29        2.802927
728.64        15.21581
728.98        9.589444
729.32       -28.29736
729.66       -15.50842
730.01       -7.087158
730.35        23.65107
730.69        71.48994
731.03       -14.91357
731.37        2.433854
731.72       -18.64917
732.06       -17.88831
732.40      -0.5515137
732.74       -12.20911
733.08        29.25796
733.43       -22.83948
733.77         3.21069
734.11       -19.41504
734.45        15.56743
734.79        6.245854
735.14        47.62123
735.48       -11.05054
735.82       -5.568359
736.16        44.90505
736.50        20.78681
736.84       -10.20215
737.18        -31.0625
737.53        32.43495
737.87         37.2357
738.21       -37.06592
738.55        8.335284
738.89       -67.45325
739.23        14.25772
739.57        15.70293
739.92        10.11473
740.26        34.77678
740.60       -53.58496
740.94        37.17091
741.28        7.324952
741.62       -1.850098
741.96        42.74128
742.30       -26.84082
742.64        2.666574
742.98        8.654666
743.32       -8.700439
743.67       -21.17871
744.01       -2.256104
744.35        24.12661
744.69        18.70695
745.03       -45.17615
745.37        -19.0719
745.71        14.14842
746.05        18.81194
746.39        19.03399
746.73        3.296921
747.07       -36.50916
747.41        4.276188
747.75        -5.27356
748.09        36.34002
748.43        3.491802
748.77        12.05071
749.11       -33.57776
749.45        -32.8053
749.79        35.56648
750.13       -41.27209
750.47        15.95283
750.81       0.5780643
751.15       -6.091187
751.49       -2.415283
751.83          5.7568
752.17        3.657266
752.51       -51.44421
752.85        35.36339
753.19      0.02489891
753.53        36.49708
753.87        11.96275
754.21       -3.131958
754.54        59.84235
754.88       -20.49084
755.22       -18.00183
755.56       -29.96594
755.90        11.81324
756.24        19.94511
756.58        13.40915
756.92       -32.44739
757.26       -4.591187
757.60         18.6814
757.94       -38.36194
758.27       -69.17346
758.61       -28.11426
758.95        77.68895
759.29         2.92171
759.63       -10.25818
759.97       -31.55469
760.31        12.83998
760.65        26.02155
760.98        26.52728
761.32        33.66465
761.66        10.00899
762.00       -14.69604
762.34         6.84193
762.68       -1.022461
763.01        27.02648
763.35       -4.651855
763.69        4.862785
764.03        2.838605
764.37       -21.60083
764.70        1.743359
765.04       -6.347778
765.38      -0.8470459
765.72       -29.21252
766.06        5.162546
766.39        6.113043
766.73        21.56945
767.07       -21.63928
767.41       0.8852609
767.75       -38.12695
768.08       -23.53406
768.42        21.25124
768.76       -17.69666
769.10        -74.8125
769.43        2.259237
769.77       -4.170898
770.11       -7.327515
770.44       -30.94299
770.78       -10.95581
771.12       -37.96436
771.46        8.910797
771.79       -18.69116
772.13        2.498634
772.47       -11.80176
772.80       -25.93115
773.14       -13.88916
773.48        26.20696
773.82       -20.63428
774.15       -42.69385
774.49        33.72005
774.83       -24.08606
775.16       -25.85364
775.50       -24.59839
775.84        -29.4115
776.17        1.798767
776.51       -9.886475
776.85        41.36652
777.18       -3.187012
777.52       -42.08044
777.85        24.35718
778.19        21.27884
778.53       -5.568115
778.86       -14.72253
779.20       -13.62329
779.54       -8.524536
779.87        41.58222
780.21       -12.15735
780.54       -15.33362
780.88        -1.60083
781.22       -11.25916
781.55        32.53768
781.89        4.438313
782.22       -17.75867
782.56       -24.08044
782.89        32.57401
783.23       -26.75867
783.57        3.761174
783.90        -1.54248
784.24        21.42533
784.57       -53.61536
784.91        -33.6134
785.24         36.5568
785.58        13.85552
785.91         34.6057
786.25       -31.77869
786.58        10.80785
786.92       -21.18848
787.25        4.593098
787.59        29.02677
787.92       -30.12842
788.26        63.86879
788.59        1.964113
788.93        2.125472
789.26       -23.01563
789.60       -74.68555
789.93        -13.1178
790.27       -36.32629
790.60       -9.144165
790.94       -32.19873
791.27       -46.47461
791.61       -28.38818
791.94      -0.8939209
792.27        8.903144
792.61       -11.84839
792.94       -22.74158
793.28       -56.84119
793.61        -15.7522
793.95        48.64191
794.28        3.380888
794.61       -24.95227
794.95        27.22731
795.28        10.39574
795.62        16.44533
795.95       -31.87537
796.28        -32.4115
796.62       -22.65503
796.95       -40.61597
797.28        19.71832
797.62        11.71817
797.95        40.91301
798.29        -15.7384
798.62        13.98584
798.95        19.54585
799.29        5.814575
799.62       -2.232666
799.95       -45.72815
800.29        6.789652
800.62        7.267608
800.95        9.656058
801.29       -6.359131
801.62        23.37845
801.95        33.97349
802.29       -3.430054
802.62       -29.76086
802.95       -24.56567
803.28       -60.45044
803.62       -46.52893
803.95       -33.97046
804.28       -41.09741
804.61        17.99774
804.95       -45.98706
805.28       -28.64453
805.61         4.21367
805.95       -15.95923
806.28       -48.98779
806.61       -37.87659
806.94        5.900806
807.27         -54.625
807.61       -36.99268
807.94        12.72917
808.27        34.21808
808.60        30.64666
808.94         9.45309
809.27       0.7802737
809.60       -23.31323
809.93       -19.02942
810.26         15.9621
810.60         31.3638
810.93        38.48831
811.26       0.8134722
811.59       -16.99402
811.92       -29.52014
812.25        -32.7229
812.59        5.972378
812.92       -5.414551
813.25        5.867607
813.58       -16.44043
813.91        0.520937
814.24       -39.48474
814.57       -1.944214
814.91        33.49586
815.24       -56.80872
815.57       -14.48438
815.90       -30.84973
816.23       -20.21497
816.56       -54.01172
816.89        16.93162
817.22       -13.93835
817.55        15.35152
817.88        4.671568
818.22       -4.583618
818.55      -0.6291504
818.88        26.68682
819.21       -7.290283
819.54        11.36049
819.87        24.74767
820.20       -15.14771
820.53       -3.847412
820.86        3.996476
821.19       -40.16943
821.52       -50.76294
821.85       -50.75366
822.18        16.30111
822.51       -4.282104
822.84      -0.4428711
823.17        39.83469
823.50        16.46269
823.83       -12.72742
824.16        19.44743
824.49        13.19354
824.82        2.230458
825.15        13.38566
825.48       -1.901245
825.81        20.06164
826.14        2.983149
826.47       -45.98535
826.80        4.872271
827.13        -33.3595
827.46        53.27503
827.79       -4.843994
828.12         13.7529
828.45       -6.575073
828.78         24.2676
829.10        11.50992
829.43       -51.95667
829.76        17.44676
830.09     -0.01367188
830.42       -15.55566
830.75        24.91001
831.08           10.72
831.41       -9.636597
831.74       -10.68628
832.07        16.84679
832.39       -6.214966
832.72       -19.43005
833.05       -2.618408
833.38       -49.80969
833.71        -61.0304
834.04       -35.75293
834.37       -15.77942
834.69       -35.67615
835.02       -23.44666
835.35         21.2659
835.68        22.75513
836.01       -16.16418
836.34       -26.35596
836.66        8.463123
836.99       -10.14685
837.32        7.570713
837.65        3.376899
837.98       -51.59668
838.30        24.71139
838.63        16.63839
838.96       -39.03613
839.29       -34.10144
839.61        26.44508
839.94       -10.09009
840.27        6.464775
840.60      0.06930736
840.92       -34.87915
841.25       -12.86853
841.58       -19.16406
841.91        5.476979
842.23       -13.29871
842.56        12.46067
842.89        24.81429
843.22        28.15948
843.54       -23.49084
843.87       -28.80383
844.20        5.106388
844.52       -17.34082
844.85        28.27802
845.18       -32.94873
845.50       -38.09045
845.83       -2.122925
846.16        1.602049
846.48        -38.7478
846.81       -13.51538
847.14        2.325203
847.46        29.79025
847.79       -65.97217
848.12        6.068849
848.44         25.8204
848.77        8.343692
849.09       -22.81775
849.42        44.52656
849.75       -44.44153
850.07       -19.12158
850.40       -34.95496
850.73        11.36092
851.05       -6.568848
851.38        22.48166
851.70        15.38203
852.03       -9.397095
852.35       -43.59399
852.68       -60.01599
853.01       -13.03333
853.33       -9.126587
853.66       -20.59875
853.98        15.34883
854.31      -0.5212402
854.63          5.0166
854.96       -6.907349
855.28       -50.57849
855.61         6.71808
855.93       -16.73193
856.26        11.29743
856.58        8.990777
856.91        -44.2019
857.23        13.58054
857.56        27.56434
857.88         8.67353
858.21       -70.26892
858.53       -59.71497
858.86        7.960068
859.18        27.21771
859.51       -5.200806
859.83       -4.667358
860.16         -16.328
860.48        10.16528
860.81      -0.9628906
861.13        9.272864
861.45        29.74832
861.78         21.0674
862.10        41.02641
862.43       -5.171875
862.75        35.19331
863.08       -29.83777
863.40        37.95245
863.72        1.943095
864.05        25.77459
864.37        32.31788
864.70        42.06969
865.02        6.884507
865.34       -11.05054
865.67        23.10843
865.99        16.34713
866.31        2.192409
866.64       -14.41235
866.96       -24.67798
867.28        11.60618
867.61       -12.42065
867.93        10.21099
868.25       -10.10327
868.58       -19.84875
868.90       -10.93945
869.22       -1.362671
869.55        26.43009
869.87       -16.16711
870.19        -11.1853
870.52         12.3591
870.84       -1.967041
871.16        15.39453
871.48        3.905719
871.81        3.538806
872.13       -56.29114
872.45       -33.99866
872.77        23.46501
873.10       -57.85059
873.42        16.88807
873.74       -1.052856
874.06        14.48915
874.39        6.593152
874.71        43.12613
875.03       -10.30823
875.35        1.342604
875.68        32.11156
876.00        -39.3916
876.32       -63.39539
876.64       -14.67981
876.96        -16.1106
877.28        5.488944
877.61        -15.1084
877.93        9.326221
878.25        14.68307
878.57        17.95365
878.89       -13.71289
879.21        8.889132
879.54        24.50001
879.86       -12.93823
880.18        29.97782
880.50        37.24206
880.82       -12.20154
881.14        23.40583
881.46        3.945708
881.79        17.58722
882.11       -1.471802
882.43        52.78321
882.75       0.1252491
883.07        20.58761
883.39       -56.88367
883.71          20.806
884.03        34.39886
884.35         -11.995
884.67        14.33081
884.99       -35.04504
885.31        14.27174
885.63       -43.21057
885.95        12.56846
886.28       -17.42566
886.60       -15.95471
886.92       -47.89441
887.24       -1.205688
887.56       -2.763306
887.88       -43.33667
888.20      -0.5577393
888.52        18.97622
888.84        36.76141
889.16        12.57029
889.48         24.6935
889.80        20.63235
890.12        27.98755
890.44        5.187661
890.76        27.81249
891.07       -29.77014
891.39        46.41384
891.71       -7.211182
892.03        36.35091
892.35       -77.38428
892.67       -30.99707
892.99       -4.592285
893.31       -35.67908
893.63       -14.60498
893.95       -9.647705
894.27        8.174786
894.59        42.45292
894.91       -18.91504
895.22        15.15664
895.54        -26.9397
895.86        -11.1593
896.18        25.88379
896.50         15.1201
896.82        4.849635
897.14        11.62924
897.46        16.86565
897.77        38.70164
898.09       -19.26404
898.41         15.7358
898.73       -10.66248
899.05       -2.578735
899.37        5.327476
899.68       -18.87158
900.00       -15.81677
900.32        18.27121
900.64       -29.84607
900.96      -0.1500244
901.27        21.71508
901.59        21.38318
901.91        19.34908
902.23        25.41697
902.55        13.88398
902.86         14.0614
903.18        16.61327
903.50       -16.66089
903.82       -38.06238
904.13         -16.875
904.45        49.92218
904.77       -5.197388
905.08       -18.71875
905.40       -47.69739
905.72        16.35996
906.04        -14.8385
906.35        18.00108
906.67       -43.14856
906.99       -45.34912
907.30       -25.96704
907.62        26.46286
907.94        12.22856
908.25       0.5673934
908.57        1.629966
908.89         2.91438
909.20       -2.127808
909.52        17.60123
909.84       -6.755005
910.15        15.86224
910.47       -3.705078
910.79        10.34379
911.10        19.22942
911.42         35.6898
911.74        14.35452
912.05       -15.21082
912.37       -29.33252
912.68        68.14371
913.00       -9.630859
913.32       -10.30151
913.63        -32.9751
913.95        24.72443
914.26       -7.311401
914.58         45.0632
914.89       -9.065308
915.21        7.434897
915.52        11.57901
915.84       -8.268677
916.16       -12.16443
916.47        33.22691
916.79       -20.99438
917.10       -27.49536
917.42       -24.63574
917.73       -14.06641
918.05        1.809114
918.36       -36.61609
918.68       -23.54907
918.99       -1.201172
919.31       -10.91663
919.62        1.712316
919.94       -43.25891
920.25        6.611584
920.57        4.094456
920.88       -54.50916
921.19       -6.293213
921.51       -23.14453
921.82       -47.76025
922.14       -45.65735
922.45        33.34657
922.77       -22.92908
923.08       -42.19409
923.39       -17.51709
923.71       -4.438232
924.02        10.15763
924.34        35.24818
924.65        15.94043
924.96        17.82441
925.28         15.9842
925.59       -10.54651
925.91       -10.61499
926.22        44.53325
926.53       -34.58081
926.85       -26.94666
927.16         27.1111
927.47       -12.89453
927.79        24.01773
928.10        21.71799
928.41       -4.646118
928.73        9.742314
929.04       -42.17529
929.35        53.70085
929.67        32.60355
929.98       -36.74219
930.29        13.26202
930.60        -29.7583
930.92       -5.851196
931.23       -40.05359
931.54        30.94296
931.86        17.56501
932.17          50.515
932.48       -18.26392
932.79       -23.38867
933.11       -1.492432
933.42        -32.1167
933.73       -47.37122
934.04       -3.514038
934.35        4.471404
934.67       -62.28455
934.98        42.47372
935.29        16.19202
935.60       -4.860229
935.91       -42.49548
936.23        25.31489
936.54        22.96345
936.85        5.447661
937.16        6.113366
937.47       -21.58362
937.78       -28.86292
938.10       -10.66711
938.41        4.108253
938.72       -48.09814
939.03       0.1447586
939.34        5.651705
939.65        3.403523
939.96        4.357568
940.28        6.200152
940.59        11.42894
940.90       -1.194946
941.21        37.87818
941.52       -7.619141
941.83        16.08078
942.14       -10.06531
942.45         20.8668
942.76        38.32348
943.07       -56.37366
943.38       -44.39404
943.69        17.83713
944.00        -16.5802
944.32       -43.99609
944.63        8.714813
944.94       -28.21118
945.25       -37.98389
945.56        5.371669
945.87       -51.64709
946.18       -7.404053
946.49       -8.984009
946.80        -2.50708
947.11        18.52506
947.42         21.2783
947.73       -39.48474
948.04       -28.83777
948.35        20.72451
948.65        -24.9082
948.96         24.6105
949.27        8.148053
949.58        4.736349
949.89       -19.36157
950.20        13.77414
950.51        53.03732
950.82       -57.86951
951.13       -29.10645
951.44       -13.90417
951.75        3.023462
952.06        69.57708
952.37        12.32255
952.67       -7.480835
952.98       -6.184326
953.29       -67.53857
953.60       -32.54773
953.91        -17.9762
954.22        4.063305
954.53       -17.72534
954.84       -28.87952
955.14       -13.27612
955.45        7.764842
955.76     -0.02709961
956.07        20.55657
956.38       -14.31641
956.68       -13.98059
956.99       -28.63098
957.30       -19.46021
957.61       -15.45703
957.92        13.84916
958.22       -41.32849
958.53        11.81443
958.84        18.57199
959.15      -0.3457031
959.46       -8.008545
959.76       -38.88538
960.07       -29.94324
960.38       -30.52979
960.69       -22.13953
960.99       -7.329834
961.30       -20.55981
961.61        1.035086
961.91       -26.16528
962.22       -44.13306
962.53       -31.55005
962.83       -36.29138
963.14        26.41274
963.45        1.329454
963.76        -61.4613
964.06        12.64316
964.37        5.831174
964.68       -15.62781
964.98        8.174678
965.29        14.74634
965.59       0.8311493
965.90       -44.03247
966.21     -0.01379395
966.51       -6.235352
966.82        25.06858
967.13       -32.75403
967.43        2.241776
967.74        3.077787
968.04       -21.24817
968.35       -30.32568
968.66       -29.80249
968.96       -35.38977
969.27        12.65997
969.57       -16.60193
969.88        7.495691
970.18       -23.80823
970.49        3.752551
970.80       -25.74988
971.10        -40.8219
971.41       -13.85498
971.71       -42.93774
972.02       -54.51953
972.32        4.434864
972.63       -71.90381
972.93       -23.63306
973.24       -25.09326
973.54       -1.531006
973.85       -43.55029
974.15       -13.40405
974.46       -27.64026
974.76        20.25103
975.07       -65.18665
975.37       -16.52722
975.67        6.424785
975.98        15.36705
976.28        7.697796
976.59       -5.943604
976.89       -24.02124
977.20       -31.50024
977.50       -24.06726
977.80        23.97753
978.11       -41.51123
978.41       -62.63159
978.72        23.32736
979.02       -21.43176
979.32       -45.69641
979.63       -28.24194
979.93        -20.7113
980.23        1.979204
980.54        5.427504
980.84       -9.137817
981.14        4.321351
981.45          21.001
981.75       -43.88574
982.05       -11.68237
982.36       -20.00439
982.66        14.50683
982.96        12.32676
983.27        11.10255
983.57       -17.75513
983.87        10.48402
984.17        26.64014
984.48        9.330855
984.78        28.85839
985.08        18.32036
985.39       -20.88965
985.69       -19.51929
985.99       -28.48645
986.29       -4.993408
986.59       -38.73291
986.90       -18.96509
987.20        2.076644
987.50       -17.03503
987.80        3.508617
988.11       -2.197754
988.41        2.210625
988.71       -32.42188
989.01       -0.833374
989.31       0.8398801
989.61         13.5716
989.92       -15.60742
990.22        16.97291
990.52        12.01072
990.82        9.364917
991.12       -19.41406
991.42        11.40048
991.72       -5.014404
992.03       -1.556763
992.33        10.97148
992.63       -7.441406
992.93       -14.25854
993.23        10.77443
993.53       -39.11475
993.83        1.468932
994.13        3.984835
994.43       -32.98376
994.73        5.357657
995.03       -49.64026
995.33         26.4758
995.63        23.62228
995.94         20.5017
996.24        17.29963
996.54        4.012537
996.84        16.40793
997.14       -37.81616
997.44        3.098806
997.74        6.963947
998.04       -4.974121
998.34       -4.971313
998.64       -28.00586
998.94        21.93304
999.23        42.22999
999.53       -15.83301
999.83       -27.76892
1000.13        23.11479
1000.43       -62.91968
1000.73       -12.80591
1001.03        3.261889
1001.33       -24.24854
1001.63        22.51626
1001.93        24.59885
1002.23        23.95823
1002.53       -9.885864
1002.83        33.53834
1003.13       -31.84961
1003.42       -53.18054
1003.72        34.49187
1004.02       -20.43384
1004.32        22.02865
1004.62        26.01228
1004.92       -38.38928
1005.22        4.383545
1005.51        6.743195
1005.81       -34.65405
1006.11       -17.30261
1006.41       -2.931396
1006.71        32.27638
1007.00       -25.60352
1007.30       -30.38342
1007.60       -48.07117
1007.90       -25.51343
1008.20        36.16843
1008.49       -37.16138
1008.79       -10.94495
1009.09       -31.39001
1009.39       -24.59302
1009.68       -13.40662
1009.98       -38.51807
1010.28        29.09048
1010.58      -0.9865723
1010.87       -16.96301
1011.17        20.86475
1011.47       -23.42908
1011.76        1.811486
1012.06        4.033124
1012.36      -0.5487061
1012.65       -23.42566
1012.95       -61.39587
1013.25       -6.038818
1013.54       -12.66663
1013.84       -9.009033
1014.14       -15.06116
1014.43       -1.071167
1014.73       -32.44568
1015.03        -37.9762
1015.32       -47.06018
1015.62        11.06299
1015.91       -7.194946
1016.21         37.9837
1016.51       -28.63318
1016.80       -30.20605
1017.10       -8.963135
1017.39        6.268706
1017.69       -24.00659
1017.98      -0.8704834
1018.28        54.24151
1018.57       -38.54187
1018.87        15.53456
1019.17       -30.97632
1019.46       -21.21729
1019.76       -20.09045
